# IGZO Phonon Dispersion Data
# a0=1.662769e-09 qmax=3.778751e+09 nq=100
# Columns: q(1/m) | omega_LA omega_TA omega_LO omega_TO | vg_LA vg_TA vg_LO vg_TO
0.000000e+00 0.000000e+00 6.283185e+06 3.473031e+12 3.472999e+12 2.407627e+04 3.833289e+03 0.000000e+00 0.000000e+00
3.816751e+07 9.588706e+11 2.332193e+11 3.549610e+12 3.489015e+12 2.407627e+04 3.833289e+03 3.884157e+03 8.329837e+02
7.633503e+07 1.837863e+12 2.926205e+11 3.769528e+12 3.536585e+12 2.321053e+04 4.670800e+03 3.895104e+03 1.642262e+03
1.145025e+08 2.730647e+12 5.897649e+11 3.846943e+12 3.614377e+12 2.343680e+04 7.491256e+03 2.341985e+03 2.407092e+03
1.526701e+08 3.626912e+12 8.644658e+11 3.948303e+12 3.720331e+12 1.468883e+04 7.268771e+03 8.864115e+03 6.029172e+03
1.908376e+08 3.851919e+12 1.144627e+12 4.523586e+12 4.074614e+12 4.970822e+03 7.510599e+03 1.926933e+04 6.590366e+03
2.290051e+08 4.006360e+12 1.437788e+12 5.419228e+12 4.223406e+12 4.307313e+03 7.886961e+03 2.109200e+04 4.158372e+03
2.671935e+08 4.180819e+12 1.746851e+12 6.133985e+12 4.392141e+12 4.796043e+03 8.315340e+03 1.699255e+04 4.648008e+03
3.053610e+08 4.372557e+12 2.072703e+12 6.716782e+12 4.578300e+12 5.216519e+03 8.322265e+03 1.537316e+04 5.074698e+03
3.435285e+08 4.579022e+12 2.382131e+12 7.307495e+12 4.779519e+12 5.572348e+03 7.469115e+03 1.548551e+04 5.440651e+03
3.816960e+08 4.797922e+12 2.642859e+12 7.898869e+12 4.993612e+12 5.871054e+03 6.815074e+03 1.541975e+04 5.751868e+03
4.198635e+08 5.027189e+12 2.902360e+12 8.484562e+12 5.218588e+12 6.118973e+03 6.781409e+03 1.519084e+04 6.013780e+03
4.580310e+08 5.265014e+12 3.160518e+12 9.058462e+12 5.452674e+12 6.322445e+03 6.744781e+03 1.479147e+04 6.232068e+03
4.961985e+08 5.509813e+12 3.417223e+12 9.613669e+12 5.694313e+12 6.486984e+03 6.705354e+03 1.419241e+04 6.411423e+03
5.343661e+08 5.760198e+12 3.672371e+12 1.014184e+13 5.942090e+12 6.617446e+03 6.663129e+03 1.341738e+04 6.556290e+03
5.725336e+08 6.014956e+12 3.925854e+12 1.063789e+13 6.194787e+12 6.718277e+03 6.618187e+03 1.254842e+04 6.670701e+03
6.107011e+08 6.273038e+12 4.177571e+12 1.109972e+13 6.451298e+12 6.792933e+03 6.570776e+03 1.161535e+04 6.757951e+03
6.488686e+08 6.533495e+12 4.427434e+12 1.152454e+13 6.710656e+12 6.844377e+03 6.520896e+03 1.061149e+04 6.821001e+03
6.870361e+08 6.795504e+12 4.675343e+12 1.190975e+13 6.971979e+12 6.875326e+03 6.468464e+03 9.556842e+03 6.862156e+03
7.252036e+08 7.058323e+12 4.921204e+12 1.225406e+13 7.234478e+12 6.885956e+03 6.412156e+03 8.489220e+03 6.881592e+03
7.633920e+08 7.321287e+12 5.164948e+12 1.255793e+13 7.497430e+12 6.881839e+03 6.355429e+03 7.457338e+03 6.884885e+03
8.015595e+08 7.583792e+12 5.406480e+12 1.282350e+13 7.760180e+12 6.864461e+03 6.298328e+03 6.501388e+03 6.873350e+03
8.397270e+08 7.845286e+12 5.645731e+12 1.305422e+13 8.022107e+12 7.324824e+03 6.237665e+03 5.643218e+03 6.844542e+03
8.778945e+08 8.142933e+12 5.882632e+12 1.325427e+13 8.282658e+12 9.117632e+03 6.175027e+03 4.896742e+03 6.981753e+03
9.160621e+08 8.541280e+12 6.117102e+12 1.342801e+13 8.555059e+12 8.574629e+03 6.110742e+03 4.261387e+03 8.865926e+03
9.542296e+08 8.797477e+12 6.349096e+12 1.357957e+13 8.959439e+12 6.674323e+03 6.044976e+03 3.728508e+03 1.047337e+04
9.923971e+08 9.050765e+12 6.578545e+12 1.371262e+13 9.354545e+12 6.592012e+03 5.977564e+03 3.285182e+03 1.021055e+04
1.030565e+09 9.300679e+12 6.805393e+12 1.383034e+13 9.738862e+12 6.497849e+03 5.908834e+03 2.917995e+03 9.907897e+03
1.068732e+09 9.546779e+12 7.029596e+12 1.393537e+13 1.011086e+13 6.392574e+03 5.838952e+03 2.614186e+03 9.565238e+03
1.106900e+09 9.788656e+12 7.251110e+12 1.402989e+13 1.046902e+13 6.276598e+03 5.767836e+03 2.362562e+03 9.182740e+03
1.145067e+09 1.002590e+13 7.469884e+12 1.411572e+13 1.081183e+13 6.148608e+03 5.694115e+03 2.153369e+03 8.758709e+03
1.183256e+09 1.025814e+13 7.685888e+12 1.419431e+13 1.113779e+13 6.012676e+03 5.621085e+03 1.979975e+03 8.299043e+03
1.221423e+09 1.048501e+13 7.899089e+12 1.426690e+13 1.144552e+13 5.869572e+03 5.548725e+03 1.836515e+03 7.806094e+03
1.259591e+09 1.070619e+13 8.109450e+12 1.433450e+13 1.173367e+13 5.716556e+03 5.474069e+03 1.716835e+03 7.277660e+03
1.297758e+09 1.092138e+13 8.316952e+12 1.439796e+13 1.200106e+13 5.556380e+03 5.398755e+03 1.617486e+03 6.719841e+03
1.335926e+09 1.113034e+13 8.521564e+12 1.445797e+13 1.224663e+13 5.389866e+03 5.322782e+03 1.535505e+03 6.137164e+03
1.374093e+09 1.133282e+13 8.723267e+12 1.451517e+13 1.246954e+13 5.218248e+03 5.246398e+03 1.468422e+03 5.535226e+03
1.412261e+09 1.152867e+13 8.922048e+12 1.457007e+13 1.266916e+13 5.042762e+03 5.169520e+03 1.414015e+03 4.920119e+03
1.450428e+09 1.171776e+13 9.117882e+12 1.462311e+13 1.284512e+13 4.864724e+03 5.092313e+03 1.370637e+03 4.298179e+03
1.488596e+09 1.190002e+13 9.310770e+12 1.467469e+13 1.299727e+13 4.685698e+03 5.014776e+03 1.336972e+03 3.676323e+03
1.526763e+09 1.207544e+13 9.500685e+12 1.472517e+13 1.312575e+13 4.506837e+03 4.936910e+03 1.311867e+03 3.061297e+03
1.564931e+09 1.224405e+13 9.687629e+12 1.477483e+13 1.323095e+13 4.329869e+03 4.858880e+03 1.294170e+03 2.459277e+03
1.603098e+09 1.240596e+13 9.871588e+12 1.482396e+13 1.331348e+13 4.156358e+03 4.780602e+03 1.283141e+03 1.876189e+03
1.641266e+09 1.256133e+13 1.005256e+13 1.487278e+13 1.337417e+13 3.986414e+03 4.700980e+03 1.277689e+03 1.316760e+03
1.679454e+09 1.271034e+13 1.023053e+13 1.492152e+13 1.341401e+13 3.823394e+03 4.622517e+03 1.277524e+03 7.855466e+02
1.717622e+09 1.285327e+13 1.040551e+13 1.497033e+13 1.343416e+13 3.668832e+03 4.545276e+03 1.282153e+03 2.864410e+02
1.755789e+09 1.299040e+13 1.057750e+13 1.501939e+13 1.343588e+13 3.521743e+03 4.466669e+03 1.290302e+03 -1.789433e+02
1.793957e+09 1.312210e+13 1.074648e+13 1.506883e+13 1.342050e+13 3.384037e+03 4.387980e+03 1.301578e+03 -6.081933e+02
1.832124e+09 1.324872e+13 1.091245e+13 1.511874e+13 1.338945e+13 2.908858e+03 4.309374e+03 1.315242e+03 -6.527234e+02
1.870292e+09 1.334415e+13 1.107543e+13 1.516922e+13 1.337067e+13 2.104930e+03 4.230685e+03 1.330634e+03 1.295652e+03
1.908459e+09 1.340940e+13 1.123540e+13 1.522032e+13 1.348835e+13 2.363879e+03 4.151996e+03 1.347261e+03 3.031830e+03
1.946627e+09 1.352459e+13 1.139238e+13 1.527207e+13 1.360211e+13 2.945898e+03 4.073389e+03 1.364381e+03 2.932975e+03
1.984794e+09 1.363428e+13 1.154635e+13 1.532447e+13 1.371224e+13 2.804982e+03 3.994782e+03 1.381173e+03 2.840623e+03
2.022962e+09 1.373871e+13 1.169732e+13 1.537750e+13 1.381895e+13 2.671557e+03 3.916258e+03 1.397059e+03 2.752550e+03
2.061129e+09 1.383821e+13 1.184529e+13 1.543111e+13 1.392236e+13 2.546938e+03 3.837734e+03 1.411216e+03 2.667029e+03
2.099297e+09 1.393313e+13 1.199027e+13 1.548522e+13 1.402254e+13 2.430741e+03 3.758205e+03 1.422513e+03 2.582472e+03
2.137485e+09 1.402381e+13 1.213225e+13 1.553973e+13 1.411954e+13 2.323708e+03 3.679659e+03 1.431322e+03 2.499892e+03
2.175653e+09 1.411056e+13 1.227124e+13 1.559451e+13 1.421342e+13 2.225104e+03 3.602325e+03 1.436815e+03 2.419604e+03
2.213820e+09 1.419367e+13 1.240724e+13 1.564941e+13 1.430424e+13 2.132751e+03 2.003276e+03 1.437720e+03 2.340421e+03
2.251988e+09 1.427337e+13 1.242416e+13 1.570426e+13 1.439208e+13 2.046407e+03 -1.198443e+03 1.434510e+03 2.263049e+03
2.290155e+09 1.434988e+13 1.231575e+13 1.575891e+13 1.447699e+13 1.965002e+03 -2.811732e+03 1.427102e+03 2.187817e+03
2.328323e+09 1.442337e+13 1.220952e+13 1.581320e+13 1.455908e+13 1.887877e+03 -2.739216e+03 1.415661e+03 2.114807e+03
2.366490e+09 1.449399e+13 1.210666e+13 1.586698e+13 1.463843e+13 1.814456e+03 -2.636245e+03 1.401009e+03 2.043856e+03
2.404658e+09 1.456187e+13 1.200829e+13 1.592015e+13 1.471510e+13 1.744245e+03 -2.503972e+03 1.383724e+03 1.974962e+03
2.442825e+09 1.462714e+13 1.191551e+13 1.597260e+13 1.478919e+13 1.676585e+03 -2.343384e+03 1.364381e+03 1.908125e+03
2.480993e+09 1.468985e+13 1.182940e+13 1.602430e+13 1.486076e+13 1.611149e+03 -2.155880e+03 1.343886e+03 1.843018e+03
2.519160e+09 1.475012e+13 1.175095e+13 1.607519e+13 1.492987e+13 1.547769e+03 -1.943107e+03 1.322485e+03 1.779638e+03
2.557328e+09 1.480800e+13 1.168108e+13 1.612525e+13 1.499661e+13 1.485789e+03 -1.706711e+03 1.300344e+03 1.717823e+03
2.595495e+09 1.486354e+13 1.162066e+13 1.617445e+13 1.506100e+13 1.425126e+03 -1.448420e+03 1.277626e+03 1.657325e+03
2.633663e+09 1.491679e+13 1.157051e+13 1.622278e+13 1.512312e+13 1.365259e+03 -1.170298e+03 1.253585e+03 1.597641e+03
2.671851e+09 1.496779e+13 1.153131e+13 1.627017e+13 1.518299e+13 1.306473e+03 -8.750519e+02 1.228720e+03 1.539514e+03
2.710019e+09 1.501655e+13 1.150369e+13 1.631660e+13 1.524067e+13 1.248817e+03 -5.653095e+02 1.202723e+03 1.482826e+03
2.748186e+09 1.506311e+13 1.148816e+13 1.636198e+13 1.529618e+13 1.191282e+03 -2.429810e+02 1.173997e+03 1.426526e+03
2.786354e+09 1.510749e+13 1.148514e+13 1.640621e+13 1.534956e+13 1.133994e+03 8.889549e+01 1.141896e+03 1.370966e+03
2.824521e+09 1.514968e+13 1.149494e+13 1.644915e+13 1.540083e+13 1.077035e+03 4.271099e+02 1.104033e+03 1.316065e+03
2.862689e+09 1.518970e+13 1.151774e+13 1.649049e+13 1.545003e+13 1.020158e+03 7.689460e+02 1.054893e+03 1.261740e+03
2.900856e+09 1.522755e+13 1.155364e+13 1.652967e+13 1.549715e+13 9.632815e+02 1.111358e+03 9.781797e+02 1.207826e+03
2.939024e+09 1.526323e+13 1.160258e+13 1.656516e+13 1.554223e+13 9.063225e+02 1.451384e+03 8.277158e+02 1.154324e+03
2.977191e+09 1.529674e+13 1.166443e+13 1.659286e+13 1.558527e+13 8.491166e+02 1.786141e+03 5.453080e+02 1.101069e+03
3.015359e+09 1.532805e+13 1.173893e+13 1.660679e+13 1.562628e+13 7.917461e+02 2.112667e+03 1.852813e+02 1.048144e+03
3.053526e+09 1.535717e+13 1.182570e+13 1.660700e+13 1.566528e+13 7.342109e+02 2.428576e+03 -1.340840e+02 9.954649e+02
3.091694e+09 1.538410e+13 1.192431e+13 1.659655e+13 1.570226e+13 6.762642e+02 2.731314e+03 -3.968196e+02 9.428684e+02
3.129861e+09 1.540880e+13 1.203420e+13 1.657671e+13 1.573725e+13 6.177533e+02 3.017678e+03 -6.392315e+02 8.902077e+02
3.168050e+09 1.543126e+13 1.215473e+13 1.654774e+13 1.577024e+13 5.589674e+02 3.287648e+03 -8.794796e+02 8.378439e+02
3.206217e+09 1.545148e+13 1.228522e+13 1.650956e+13 1.580122e+13 4.999548e+02 3.539028e+03 -1.123129e+03 7.857374e+02
3.244385e+09 1.546943e+13 1.242489e+13 1.646200e+13 1.583022e+13 4.403619e+02 3.768757e+03 -1.370801e+03 7.335525e+02
3.282552e+09 1.548509e+13 1.257291e+13 1.640492e+13 1.585722e+13 3.802752e+02 3.976427e+03 -1.622260e+03 6.812852e+02
3.320720e+09 1.549846e+13 1.272843e+13 1.633817e+13 1.588222e+13 3.197768e+02 4.160885e+03 -1.876353e+03 6.290179e+02
3.358887e+09 1.550950e+13 1.289053e+13 1.626169e+13 1.590524e+13 2.588670e+02 4.321144e+03 -2.131352e+03 5.768330e+02
3.397055e+09 1.551822e+13 1.305828e+13 1.617547e+13 1.592625e+13 1.974632e+02 4.456545e+03 -2.385362e+03 5.244834e+02
3.435222e+09 1.552458e+13 1.323072e+13 1.607960e+13 1.594527e+13 1.357303e+02 4.566759e+03 -2.636245e+03 4.721339e+02
3.473390e+09 1.552858e+13 1.340688e+13 1.597423e+13 1.596229e+13 7.383265e+01 4.651374e+03 -1.339935e+03 -1.122388e+03
3.511557e+09 1.553021e+13 1.358579e+13 1.597732e+13 1.585960e+13 1.177042e+01 4.710062e+03 2.110445e+02 -2.964418e+03
3.549725e+09 1.552948e+13 1.376643e+13 1.599034e+13 1.573601e+13 -5.004487e+01 4.742904e+03 3.150851e+02 -3.349961e+03
3.587892e+09 1.552639e+13 1.394784e+13 1.600137e+13 1.560388e+13 -8.619571e+02 4.750147e+03 2.625710e+02 -2.816176e+03
3.626060e+09 1.546368e+13 1.412903e+13 1.601039e+13 1.552103e+13 -1.651601e+03 4.730426e+03 2.100137e+02 -1.183596e+03
3.664248e+09 1.540028e+13 1.430903e+13 1.601740e+13 1.551354e+13 -5.399391e+02 4.686296e+03 1.575675e+02 -2.183226e+02
3.702416e+09 1.542241e+13 1.448686e+13 1.602242e+13 1.550436e+13 5.151000e+02 4.615158e+03 1.051107e+02 -2.437218e+02
3.740583e+09 1.543960e+13 1.466133e+13 1.602543e+13 1.549494e+13 3.233162e+02 4.291430e+03 5.251419e+01 -1.875860e+02
3.778751e+09 1.544709e+13 1.481444e+13 1.602643e+13 1.549004e+13 1.960640e+02 4.011656e+03 2.617478e+01 -1.282400e+02
